0,8,none
1,18,0
2,12,1
3,6,none
4,22,0
5,6,4:0:3
6,23,4
7,25,1:5:3
8,8,2:5:0
9,24,none
10,23,none
11,30,none
12,10,3:10:7
13,8,7
14,9,none
15,28,none
16,12,3
17,9,3
18,11,7
19,17,0:18
20,26,10:4
21,6,17
22,15,none
23,28,10:2:14
24,6,16
25,30,none
26,16,15:24
27,14,0:11
28,23,0
29,16,3
30,29,14
31,17,19
32,17,none
33,8,none
34,14,15
35,22,none
36,6,none
37,27,33:2:12
38,22,none
39,15,9:15:13
40,17,15:27
41,7,14
42,24,none
43,11,33:31
44,17,21:0:14
45,8,none
46,9,22
47,24,39:38:14
48,8,10:7
49,17,12
50,7,none
51,25,24
52,6,40
53,29,43
54,16,19:8:38
55,24,none
56,17,none
57,30,17
58,9,none
59,21,none
60,26,33
61,28,57:6
62,19,12
63,30,44:33:43
64,6,46
65,15,none
66,26,none
67,24,58
68,14,none
69,24,33:42
70,9,49
71,20,none
72,18,none
73,9,47:67:25
74,13,none
75,13,21:37
76,29,42:16:56
77,7,35:60:67
78,28,none
79,12,30:21
80,28,72:15:41
81,9,none
82,30,none
83,15,63:13
84,27,79:27:30
85,7,31:76
86,8,39
87,29,71:34
88,21,64
89,16,11
90,29,36
91,22,46:2
92,28,none
93,9,11
94,8,none
95,16,none
96,5,42:5
97,23,65
98,8,none
99,18,78:80:50
100,20,11:88
101,28,none
102,25,7:12
103,29,13
104,27,59
105,28,104
106,8,none
107,29,none
108,16,74
109,10,none
110,16,59:5:70
111,6,none
112,24,none
113,9,none
114,28,65:73:81
115,11,85
116,29,105:14:68
117,12,none
118,27,44:99:25
119,12,44
120,6,none
121,11,100
122,15,none
123,17,none
124,22,49
125,16,none
126,24,92
127,27,none
128,26,none
129,6,9
130,15,82:93
131,12,125:55:3
132,11,55:10
133,7,112:36:109
134,24,none
135,13,4

