0,7,none
1,5,0
2,30,0
3,6,1:2
4,7,3:2
5,5,none
6,6,4:2
7,16,3:0:4
8,26,4
9,7,5
10,29,none
11,15,7
12,5,10
13,14,3:6:10
14,23,none
15,19,3
16,6,none
17,19,11:4
18,23,12
19,17,10:11
20,18,8:16:11
21,15,6:11:5
22,12,none
23,9,18:3
24,23,20:5:22
25,16,22
26,30,none
27,19,5:2
28,23,none
29,14,17:2
30,22,23
31,25,17
32,22,none
33,25,none
34,26,26:25
35,27,10
36,10,none
37,6,none
38,16,15:6
39,13,none
40,27,37
41,22,15
42,17,31
43,28,26
44,24,29:1
45,26,36
46,14,30:34
47,23,6:33
48,29,5
49,10,25:29
50,15,none
51,26,39
52,16,none
53,28,19
54,15,22:1:4
55,30,13:0
56,14,10
57,20,45:0
58,9,13:52:53
59,18,none
60,13,52
61,19,19:20
62,5,37:45:0
63,23,none
64,12,54:1
65,21,none
66,7,6
67,14,none
68,14,none
69,14,3
70,11,69
71,29,none
72,17,none
73,24,58:21
74,26,none
75,20,none
76,6,none
77,22,45
78,25,38:30
79,29,34
80,26,39
81,19,8:38:21
82,20,54:76
83,21,none
84,28,33
85,16,none
86,11,66:14:43
87,26,79
88,16,3:8
89,14,43
90,11,56:62
91,10,77:54:74
92,19,15
93,16,85
94,10,11:60:52
95,16,none
96,21,23:87
97,22,76:65:42
98,5,16:93
99,30,23
100,8,81
101,19,44:3
102,27,91:74
103,7,9:79:60
104,30,none
105,24,43
106,10,61
107,26,1:45
